101, 31, 223, 31, 223, 55, 101, 55, tan cha
269, 33, 311, 33, 311, 56, 269, 56, e0
222, 35, 265, 35, 265, 65, 222, 65, y 3
140, 94, 274, 94, 274, 113, 140, 113, e copy e
86, 118, 328, 118, 328, 138, 86, 138, otc marketing sdn bhd
125, 143, 288, 143, 288, 161, 125, 161, roc nor 538358h
107, 166, 305, 166, 305, 185, 107, 185, nor 2 4 jalan bagus
123, 187, 288, 187, 288, 206, 123, 206, bandar seri alam
119, 207, 293, 207, 293, 225, 119, 225, 81750 masai johor
76, 228, 339, 228, 339, 246, 76, 246, tel0738 218 fax0738 8218
110, 251, 303, 251, 303, 269, 110, 269, email ngdojcgroupcom
148, 293, 268, 293, 268, 312, 148, 312, tax invoice
24, 325, 256, 325, 256, 342, 24, 342, invoice nor pegiv1030765
121, 347, 328, 347, 328, 366, 121, 366, 15012019 10516 tam
24, 349, 67, 349, 67, 367, 24, 367, date
24, 369, 82, 369, 82, 386, 24, 386, cashie
119, 368, 254, 368, 254, 387, 119, 387, ing chuan min
25, 391, 184, 391, 184, 409, 25, 409, sales persor fatin
24, 411, 77, 411, 77, 430, 24, 430, bif cto
120, 410, 370, 410, 370, 430, 120, 430, the pea guard forks
25, 444, 90, 444, 90, 460, 25, 460, area
178, 532, 365, 532, 365, 550, 178, 550, ksl t7jbl amn9andl
24, 532, 116, 532, 116, 550, 24, 550, r515208h9d
22, 546, 108, 546, 108, 566, 22, 566, 01
198, 548, 386, 548, 386, 566, 198, 566, 1 1930 1930 sar
22, 574, 258, 574, 258, 592, 22, 592, kings safety shoes kad 805
109, 613, 254, 613, 254, 630, 109, 630, total excluded gst
301, 612, 359, 612, 359, 631, 301, 631, 1930
27, 612, 76, 612, 76, 632, 27, 632, qty 1
125, 634, 252, 634, 252, 651, 125, 651, total gst 6
317, 635, 360, 635, 360, 651, 317, 651, 00
101, 656, 254, 656, 254, 674, 101, 674, total inclusive gst
302, 655, 361, 655, 361, 672, 302, 672, 1930
151, 679, 260, 679, 260, 699, 151, 699, eira april
321, 675, 354, 675, 354, 693, 321, 693, 00
312, 678, 365, 678, 365, 699, 312, 699, 220
173, 700, 243, 700, 243, 719, 173, 719, total
288, 700, 361, 700, 361, 719, 288, 719, 1930
326, 713, 352, 713, 352, 730, 326, 730, c
143, 727, 234, 727, 234, 747, 143, 747, visa card
302, 730, 366, 730, 366, 746, 302, 746, 1930
93, 751, 233, 751, 233, 768, 93, 768, oc0o0x4318
85, 772, 233, 772, 233, 789, 85, 789, approval code
302, 784, 379, 784, 379, 812, 302, 812, 7l
31, 846, 373, 846, 373, 864, 31, 864, goods sold are not returnable refundable
45, 863, 359, 863, 359, 878, 45, 878, e erheaty umoe pie area ram a ann e e4e
